crossing time (s)	slope (V/s)	crossing number
281474976710655.000000	-15.228688	1103	0.000000
281474976710655.000000	-13.448445	1104	0.000000
281474976710655.000000	-14.732092	1105	0.000000
281474976710655.000000	-13.368903	1106	0.000000
281474976710655.000000	-14.610589	1107	0.000000
281474976710655.000000	-13.354396	1108	0.000000
281474976710655.000000	-14.994943	1109	0.000000
281474976710655.000000	-13.475626	1110	0.000000
281474976710655.000000	-14.727686	1111	0.000000
281474976710655.000000	-13.320124	1112	0.000000
281474976710655.000000	-14.696589	1113	0.000000
281474976710655.000000	-13.511881	1114	0.000000
281474976710655.000000	-14.393342	1115	0.000000
281474976710655.000000	-13.528779	1116	0.000000
281474976710655.000000	-14.385795	1117	0.000000
281474976710655.000000	-13.655226	1118	0.000000
281474976710655.000000	-14.152781	1119	0.000000
281474976710655.000000	-13.884111	1120	0.000000
281474976710655.000000	-14.225279	1121	0.000000
281474976710655.000000	-13.896727	1122	0.000000
281474976710655.000000	-13.990285	1123	0.000000
281474976710655.000000	-13.458641	1124	0.000000
281474976710655.000000	-14.455972	1125	0.000000
281474976710655.000000	-13.818981	1126	0.000000
281474976710655.000000	-14.337154	1127	0.000000
281474976710655.000000	-13.759517	1128	0.000000
281474976710655.000000	-14.080227	1129	0.000000
281474976710655.000000	-14.242164	1130	0.000000
281474976710655.000000	-14.678060	1131	0.000000
281474976710655.000000	-13.697957	1132	0.000000
281474976710655.000000	-13.982122	1133	0.000000
281474976710655.000000	-13.924922	1134	0.000000
281474976710655.000000	-13.945183	1135	0.000000
281474976710655.000000	-13.143538	1136	0.000000
281474976710655.000000	-14.248410	1137	0.000000
281474976710655.000000	-13.537025	1138	0.000000
281474976710655.000000	-14.183105	1139	0.000000
281474976710655.000000	-13.157114	1140	0.000000
281474976710655.000000	-14.500488	1141	0.000000
281474976710655.000000	-12.873522	1142	0.000000
281474976710655.000000	-14.165626	1143	0.000000
281474976710655.000000	-13.232124	1144	0.000000
281474976710655.000000	-14.350359	1145	0.000000
281474976710655.000000	-13.170586	1146	0.000000
281474976710655.000000	-14.508945	1147	0.000000
281474976710655.000000	-13.338196	1148	0.000000
281474976710655.000000	-14.359850	1149	0.000000
281474976710655.000000	-12.716097	1150	0.000000
281474976710655.000000	-14.351269	1151	0.000000
281474976710655.000000	-13.095963	1152	0.000000
281474976710655.000000	-13.931946	1153	0.000000
281474976710655.000000	-12.724562	1154	0.000000
281474976710655.000000	-13.928468	1155	0.000000
281474976710655.000000	-12.886280	1156	0.000000
281474976710655.000000	-14.483862	1157	0.000000
281474976710655.000000	-12.806749	1158	0.000000
281474976710655.000000	-14.080658	1159	0.000000
281474976710655.000000	-13.161032	1160	0.000000
281474976710655.000000	-13.907748	1161	0.000000
281474976710655.000000	-12.984632	1162	0.000000
281474976710655.000000	-13.815512	1163	0.000000
281474976710655.000000	-12.763992	1164	0.000000
281474976710655.000000	-14.008632	1165	0.000000
281474976710655.000000	-13.111776	1166	0.000000
281474976710655.000000	-13.654741	1167	0.000000
281474976710655.000000	-12.989558	1168	0.000000
281474976710655.000000	-13.813860	1169	0.000000
281474976710655.000000	-13.328672	1170	0.000000
281474976710655.000000	-13.621880	1171	0.000000
281474976710655.000000	-13.417428	1172	0.000000
281474976710655.000000	-13.974140	1173	0.000000
281474976710655.000000	-13.095781	1174	0.000000
281474976710655.000000	-13.795554	1175	0.000000
281474976710655.000000	-13.519887	1176	0.000000
281474976710655.000000	-13.641783	1177	0.000000
281474976710655.000000	-13.055410	1178	0.000000
281474976710655.000000	-13.363653	1179	0.000000
281474976710655.000000	-13.415485	1180	0.000000
281474976710655.000000	-13.577141	1181	0.000000
281474976710655.000000	-13.594988	1182	0.000000
281474976710655.000000	-13.417066	1183	0.000000
281474976710655.000000	-13.131265	1184	0.000000
281474976710655.000000	-13.785556	1185	0.000000
281474976710655.000000	-13.021122	1186	0.000000
281474976710655.000000	-13.639158	1187	0.000000
281474976710655.000000	-13.394556	1188	0.000000
281474976710655.000000	-13.934371	1189	0.000000
281474976710655.000000	-13.184650	1190	0.000000
281474976710655.000000	-13.487280	1191	0.000000
281474976710655.000000	-12.715576	1192	0.000000
281474976710655.000000	-13.830369	1193	0.000000
281474976710655.000000	-12.957861	1194	0.000000
281474976710655.000000	-13.546199	1195	0.000000
281474976710655.000000	-12.797578	1196	0.000000
281474976710655.000000	-13.388653	1197	0.000000
281474976710655.000000	-12.491268	1198	0.000000
281474976710655.000000	-13.827096	1199	0.000000
281474976710655.000000	-12.756956	1200	0.000000
281474976710655.000000	-13.732933	1201	0.000000
281474976710655.000000	-12.310300	1202	0.000000
281474976710655.000000	-13.239437	1203	0.000000
281474976710655.000000	-12.761682	1204	0.000000
281474976710655.000000	-13.702127	1205	0.000000
281474976710655.000000	-12.574154	1206	0.000000
281474976710655.000000	-13.589095	1207	0.000000
281474976710655.000000	-12.617670	1208	0.000000
281474976710655.000000	-13.176188	1209	0.000000
281474976710655.000000	-12.788748	1210	0.000000
281474976710655.000000	-13.629569	1211	0.000000
281474976710655.000000	-12.202665	1212	0.000000
281474976710655.000000	-13.254931	1213	0.000000
281474976710655.000000	-12.529127	1214	0.000000
281474976710655.000000	-13.411445	1215	0.000000
281474976710655.000000	-12.330063	1216	0.000000
281474976710655.000000	-13.111282	1217	0.000000
281474976710655.000000	-12.655596	1218	0.000000
281474976710655.000000	-13.293346	1219	0.000000
281474976710655.000000	-12.498193	1220	0.000000
281474976710655.000000	-13.284963	1221	0.000000
281474976710655.000000	-12.871593	1222	0.000000
281474976710655.000000	-13.044648	1223	0.000000
281474976710655.000000	-12.634157	1224	0.000000
281474976710655.000000	-13.161994	1225	0.000000
281474976710655.000000	-12.505865	1226	0.000000
281474976710655.000000	-13.209373	1227	0.000000
281474976710655.000000	-12.838078	1228	0.000000
281474976710655.000000	-13.151651	1229	0.000000
281474976710655.000000	-12.538684	1230	0.000000
281474976710655.000000	-13.161452	1231	0.000000
281474976710655.000000	-12.425074	1232	0.000000
281474976710655.000000	-12.684613	1233	0.000000
281474976710655.000000	-12.790009	1234	0.000000
281474976710655.000000	-12.676734	1235	0.000000
281474976710655.000000	-12.800691	1236	0.000000
281474976710655.000000	-12.955063	1237	0.000000
281474976710655.000000	-12.515090	1238	0.000000
281474976710655.000000	-12.800879	1239	0.000000
281474976710655.000000	-12.684142	1240	0.000000
281474976710655.000000	-12.676508	1241	0.000000
281474976710655.000000	-12.476959	1242	0.000000
281474976710655.000000	-12.747451	1243	0.000000
281474976710655.000000	-12.321099	1244	0.000000
281474976710655.000000	-12.779552	1245	0.000000
281474976710655.000000	-12.510558	1246	0.000000
281474976710655.000000	-12.751276	1247	0.000000
281474976710655.000000	-12.443369	1248	0.000000
281474976710655.000000	-13.133867	1249	0.000000
281474976710655.000000	-12.292766	1250	0.000000
281474976710655.000000	-13.260859	1251	0.000000
281474976710655.000000	-12.220331	1252	0.000000
281474976710655.000000	-12.570151	1253	0.000000
281474976710655.000000	-12.289251	1254	0.000000
281474976710655.000000	-12.711336	1255	0.000000
281474976710655.000000	-12.086001	1256	0.000000
281474976710655.000000	-13.060486	1257	0.000000
281474976710655.000000	-12.149250	1258	0.000000
281474976710655.000000	-12.715085	1259	0.000000
281474976710655.000000	-12.191101	1260	0.000000
281474976710655.000000	-12.961271	1261	0.000000
281474976710655.000000	-11.997792	1262	0.000000
281474976710655.000000	-12.450064	1263	0.000000
281474976710655.000000	-11.936280	1264	0.000000
281474976710655.000000	-12.657672	1265	0.000000
281474976710655.000000	-11.938399	1266	0.000000
281474976710655.000000	-12.338235	1267	0.000000
281474976710655.000000	-11.903339	1268	0.000000
281474976710655.000000	-12.694037	1269	0.000000
281474976710655.000000	-11.913383	1270	0.000000
281474976710655.000000	-12.311973	1271	0.000000
281474976710655.000000	-12.025217	1272	0.000000
281474976710655.000000	-12.745395	1273	0.000000
281474976710655.000000	-11.858530	1274	0.000000
281474976710655.000000	-12.351119	1275	0.000000
281474976710655.000000	-12.056041	1276	0.000000
281474976710655.000000	-12.493774	1277	0.000000
281474976710655.000000	-12.199797	1278	0.000000
281474976710655.000000	-12.703976	1279	0.000000
281474976710655.000000	-12.243720	1280	0.000000
281474976710655.000000	-12.726504	1281	0.000000
281474976710655.000000	-12.062277	1282	0.000000
281474976710655.000000	-12.555192	1283	0.000000
281474976710655.000000	-12.197871	1284	0.000000
281474976710655.000000	-12.120961	1285	0.000000
281474976710655.000000	-12.095230	1286	0.000000
281474976710655.000000	-12.107478	1287	0.000000
281474976710655.000000	-12.153481	1288	0.000000
281474976710655.000000	-12.200733	1289	0.000000
281474976710655.000000	-11.852558	1290	0.000000
281474976710655.000000	-12.047400	1291	0.000000
281474976710655.000000	-11.825358	1292	0.000000
281474976710655.000000	-11.985949	1293	0.000000
281474976710655.000000	-12.104137	1294	0.000000
281474976710655.000000	-12.372257	1295	0.000000
281474976710655.000000	-11.811855	1296	0.000000
281474976710655.000000	-12.109345	1297	0.000000
281474976710655.000000	-11.677522	1298	0.000000
281474976710655.000000	-12.394152	1299	0.000000
281474976710655.000000	-11.824685	1300	0.000000
281474976710655.000000	-12.288561	1301	0.000000
281474976710655.000000	-11.608845	1302	0.000000
281474976710655.000000	-12.190216	1303	0.000000
281474976710655.000000	-11.432024	1304	0.000000
281474976710655.000000	-12.250196	1305	0.000000
281474976710655.000000	-11.696306	1306	0.000000
281474976710655.000000	-12.104807	1307	0.000000
281474976710655.000000	-11.564988	1308	0.000000
281474976710655.000000	-12.460237	1309	0.000000
281474976710655.000000	-11.414644	1310	0.000000
281474976710655.000000	-11.972090	1311	0.000000
281474976710655.000000	-11.574476	1312	0.000000
281474976710655.000000	-11.953641	1313	0.000000
281474976710655.000000	-11.410891	1314	0.000000
281474976710655.000000	-12.253200	1315	0.000000
281474976710655.000000	-11.561099	1316	0.000000
281474976710655.000000	-12.012823	1317	0.000000
281474976710655.000000	-11.498741	1318	0.000000
281474976710655.000000	-11.716833	1319	0.000000
281474976710655.000000	-11.398686	1320	0.000000
281474976710655.000000	-12.089270	1321	0.000000
281474976710655.000000	-11.530545	1322	0.000000
281474976710655.000000	-11.608665	1323	0.000000
281474976710655.000000	-11.321157	1324	0.000000
281474976710655.000000	-12.063439	1325	0.000000
281474976710655.000000	-11.556677	1326	0.000000
281474976710655.000000	-11.743713	1327	0.000000
281474976710655.000000	-11.446413	1328	0.000000
281474976710655.000000	-11.823298	1329	0.000000
281474976710655.000000	-11.537642	1330	0.000000
281474976710655.000000	-11.779055	1331	0.000000
281474976710655.000000	-11.605944	1332	0.000000
281474976710655.000000	-11.643553	1333	0.000000
281474976710655.000000	-11.382382	1334	0.000000
281474976710655.000000	-11.718406	1335	0.000000
281474976710655.000000	-11.402107	1336	0.000000
281474976710655.000000	-11.653027	1337	0.000000
281474976710655.000000	-11.368032	1338	0.000000
281474976710655.000000	-11.526096	1339	0.000000
281474976710655.000000	-11.207799	1340	0.000000
281474976710655.000000	-11.781882	1341	0.000000
281474976710655.000000	-11.527280	1342	0.000000
281474976710655.000000	-11.624798	1343	0.000000
281474976710655.000000	-11.175471	1344	0.000000
281474976710655.000000	-11.862059	1345	0.000000
281474976710655.000000	-11.192595	1346	0.000000
281474976710655.000000	-11.586428	1347	0.000000
281474976710655.000000	-11.377412	1348	0.000000
281474976710655.000000	-11.751994	1349	0.000000
281474976710655.000000	-11.023566	1350	0.000000
281474976710655.000000	-11.572572	1351	0.000000
281474976710655.000000	-11.451149	1352	0.000000
281474976710655.000000	-11.380214	1353	0.000000
281474976710655.000000	-11.045432	1354	0.000000
281474976710655.000000	-11.482148	1355	0.000000
281474976710655.000000	-11.054008	1356	0.000000
281474976710655.000000	-11.413035	1357	0.000000
281474976710655.000000	-10.978913	1358	0.000000
281474976710655.000000	-11.275063	1359	0.000000
281474976710655.000000	-11.287063	1360	0.000000
281474976710655.000000	-11.487087	1361	0.000000
281474976710655.000000	-10.927697	1362	0.000000
281474976710655.000000	-11.401775	1363	0.000000
281474976710655.000000	-10.763267	1364	0.000000
281474976710655.000000	-11.498052	1365	0.000000
281474976710655.000000	-10.996853	1366	0.000000
281474976710655.000000	-11.596862	1367	0.000000
281474976710655.000000	-10.964252	1368	0.000000
281474976710655.000000	-11.587430	1369	0.000000
281474976710655.000000	-10.919873	1370	0.000000
281474976710655.000000	-11.206538	1371	0.000000
281474976710655.000000	-11.128943	1372	0.000000
281474976710655.000000	-11.333883	1373	0.000000
281474976710655.000000	-10.770248	1374	0.000000
281474976710655.000000	-11.371607	1375	0.000000
281474976710655.000000	-10.886393	1376	0.000000
281474976710655.000000	-11.259928	1377	0.000000
281474976710655.000000	-11.014843	1378	0.000000
281474976710655.000000	-10.905625	1379	0.000000
281474976710655.000000	-10.875869	1380	0.000000
281474976710655.000000	-11.307032	1381	0.000000
281474976710655.000000	-10.856743	1382	0.000000
281474976710655.000000	-11.214828	1383	0.000000
281474976710655.000000	-10.886280	1384	0.000000
281474976710655.000000	-10.882197	1385	0.000000
281474976710655.000000	-10.982611	1386	0.000000
281474976710655.000000	-11.108827	1387	0.000000
281474976710655.000000	-11.056820	1388	0.000000
281474976710655.000000	-10.952583	1389	0.000000
281474976710655.000000	-10.784122	1390	0.000000
281474976710655.000000	-11.001207	1391	0.000000
281474976710655.000000	-10.917109	1392	0.000000
281474976710655.000000	-10.931815	1393	0.000000
281474976710655.000000	-10.767172	1394	0.000000
281474976710655.000000	-11.022347	1395	0.000000
281474976710655.000000	-10.701262	1396	0.000000
281474976710655.000000	-11.149420	1397	0.000000
281474976710655.000000	-10.625714	1398	0.000000
281474976710655.000000	-10.968454	1399	0.000000
281474976710655.000000	-10.717117	1400	0.000000
281474976710655.000000	-10.962141	1401	0.000000
281474976710655.000000	-10.562689	1402	0.000000
281474976710655.000000	-10.981311	1403	0.000000
281474976710655.000000	-10.502879	1404	0.000000
281474976710655.000000	-10.875864	1405	0.000000
281474976710655.000000	-10.320123	1406	0.000000
281474976710655.000000	-10.913231	1407	0.000000
281474976710655.000000	-10.477897	1408	0.000000
281474976710655.000000	-10.859518	1409	0.000000
281474976710655.000000	-10.500155	1410	0.000000
281474976710655.000000	-11.059373	1411	0.000000
281474976710655.000000	-10.450206	1412	0.000000
281474976710655.000000	-10.637715	1413	0.000000
281474976710655.000000	-10.402714	1414	0.000000
281474976710655.000000	-10.995047	1415	0.000000
281474976710655.000000	-10.647125	1416	0.000000
281474976710655.000000	-10.709315	1417	0.000000
281474976710655.000000	-10.298318	1418	0.000000
281474976710655.000000	-10.917453	1419	0.000000
281474976710655.000000	-10.371562	1420	0.000000
281474976710655.000000	-10.830953	1421	0.000000
281474976710655.000000	-10.312494	1422	0.000000
281474976710655.000000	-10.766397	1423	0.000000
281474976710655.000000	-10.475630	1424	0.000000
281474976710655.000000	-10.616665	1425	0.000000
281474976710655.000000	-10.173844	1426	0.000000
281474976710655.000000	-10.517802	1427	0.000000
281474976710655.000000	-10.433383	1428	0.000000
