num crossings	time (s)	maj axis (mm)	min axis (mm)	theta (rad )	slope (V/s)
3743	4112.952297	70.857676	-14.256088	-0.723084	12.641790
3747	4117.070355	70.341659	-14.153515	-0.722554	12.342476
3749	4119.129332	70.610539	-14.146047	-0.724207	12.875374
3753	4123.241694	70.388792	-14.057609	-0.733381	12.557124
3755	4125.295791	70.474171	-13.956097	-0.737524	12.514963
3757	4127.350502	70.583244	-13.894142	-0.745630	12.721684
3761	4131.455800	70.477728	-13.656029	-0.749434	12.830887
3763	4133.505608	70.379545	-13.565464	-0.750258	12.740785
3765	4135.553592	70.122574	-13.348986	-0.748316	12.600304
3769	4139.654550	69.961406	-13.360680	-0.747475	12.136368
3771	4141.710271	69.632182	-13.324275	-0.753226	12.180764
3773	4143.768937	69.343247	-13.265465	-0.759189	11.267342
3777	4147.891136	69.165390	-13.053903	-0.779103	12.085307
3779	4149.945714	69.238148	-12.916111	-0.782283	12.112706
3781	4151.994642	69.500312	-12.763914	-0.776933	12.578482
3785	4156.090672	69.056364	-12.643885	-0.773631	12.220497
3787	4158.142991	68.996459	-12.602616	-0.776119	12.607263
3791	4162.249907	68.602881	-12.447867	-0.783580	12.063133
3793	4164.304180	68.647807	-12.402021	-0.786779	11.829844
3797	4168.416864	67.856749	-12.185755	-0.794423	12.272701
3799	4170.475872	67.730138	-12.085165	-0.795138	12.627189
3801	4172.536723	67.443148	-12.006375	-0.792132	12.115385
3803	4174.593625	67.848584	-12.128059	-0.794060	11.911644
3805	4176.645885	68.242562	-12.027124	-0.798379	11.909573
3809	4180.742496	68.226890	-11.844938	-0.812374	11.506443
3811	4182.792070	67.934331	-11.778914	-0.816935	11.360718
3813	4184.843160	67.858348	-11.574133	-0.818351	11.412837
3817	4188.952357	67.165125	-11.390334	-0.820635	11.966633
3819	4191.007389	66.785251	-11.276773	-0.824295	12.007659
3823	4195.121332	66.845797	-11.181844	-0.824415	12.045405
3825	4197.177146	66.657551	-11.071278	-0.826377	11.799599
3827	4199.232921	66.607247	-11.025527	-0.829529	11.828987
3831	4203.340831	66.516036	-10.893338	-0.834756	11.579561
3833	4205.394189	66.366746	-10.809356	-0.837366	11.878038
3837	4209.496871	66.420536	-10.626165	-0.838173	12.325862
3839	4211.548292	66.183947	-10.585527	-0.841300	11.873773
3843	4215.651884	66.242358	-10.454157	-0.842254	11.702844
3845	4217.704065	65.896559	-10.371890	-0.844679	11.584753
3849	4221.814569	65.470437	-10.322083	-0.851853	11.168816
3851	4223.871639	65.287433	-10.249458	-0.857821	10.995150
3853	4225.930566	64.967879	-10.204199	-0.861638	11.038497
3855	4227.990036	64.987092	-10.116532	-0.867111	11.234624
3857	4230.047352	65.173250	-10.005413	-0.873411	10.836962
3859	4232.102303	64.987776	-9.866325	-0.875967	11.122961
3861	4234.152864	65.266569	-9.736640	-0.872265	11.715328
3865	4238.250480	64.637960	-9.535239	-0.868809	11.422141
3867	4240.301282	64.937871	-9.527379	-0.869115	11.090867
3871	4244.407686	64.465686	-9.341158	-0.874281	11.505862
3873	4246.462968	64.090973	-9.263849	-0.878119	11.381647
3877	4250.577545	63.879421	-9.144228	-0.879568	11.505987
3879	4252.636765	63.586098	-9.047573	-0.878811	11.252044
3881	4254.693201	63.774720	-9.052906	-0.878638	10.726910
3885	4258.798192	63.960867	-9.017386	-0.887193	10.725513
3887	4260.846926	63.841500	-8.878246	-0.893219	11.337020
3889	4262.895748	63.788961	-8.743164	-0.895589	10.777823
3891	4264.946018	63.429081	-8.636753	-0.899962	10.871854
3895	4269.048990	63.858568	-8.501429	-0.899908	10.751465
3897	4271.102106	63.579029	-8.427228	-0.901210	10.300248
3901	4275.208403	63.169309	-8.265194	-0.904046	11.095570
3903	4277.261178	63.160879	-8.181355	-0.906844	10.914918
3907	4281.368554	63.138210	-8.069523	-0.906524	10.969278
3909	4283.422247	62.765884	-7.979191	-0.906656	10.614178
3913	4287.529404	62.696709	-7.840950	-0.910848	10.572566
3915	4289.583472	62.809750	-7.807534	-0.911199	10.474111
3919	4293.691471	62.385636	-7.671802	-0.914303	10.707238
3921	4295.746865	62.343732	-7.612557	-0.917096	10.157716
3925	4299.859630	61.705942	-7.499857	-0.922668	9.925775
3927	4301.917281	61.583147	-7.429128	-0.926914	10.017631
3931	4306.032795	61.338468	-7.336884	-0.935195	10.161924
3933	4308.087933	61.056203	-7.208630	-0.937087	10.213568
3935	4310.139616	61.545730	-7.100334	-0.935332	10.378713
3939	4314.239014	61.600525	-6.931096	-0.931248	10.377884
3941	4316.288857	61.106803	-6.833095	-0.931689	10.623914
3945	4320.393104	61.056838	-6.736535	-0.933659	10.558145
3947	4322.447354	60.767202	-6.634511	-0.934586	10.844978
3951	4326.560482	60.083767	-6.506986	-0.938768	10.047867
3953	4328.619006	60.294913	-6.485311	-0.938523	10.475678
3955	4330.675135	60.180204	-6.423606	-0.937008	9.973178
3959	4334.782876	60.160150	-6.343691	-0.942228	10.027876
3961	4336.833179	60.345969	-6.293727	-0.945993	10.383557
3965	4340.932797	60.154794	-6.095906	-0.953565	9.882854
3967	4342.983705	60.058101	-6.042915	-0.953141	9.833041
3971	4347.087414	59.931382	-5.897967	-0.955819	9.831331
3973	4349.140350	59.991494	-5.848035	-0.956666	9.486942
3977	4353.247197	59.495882	-5.708522	-0.957806	9.551060
3979	4355.302358	59.623229	-5.664815	-0.958698	9.403269
3983	4359.413320	58.960725	-5.562544	-0.962508	9.328538
3985	4361.469595	58.812263	-5.484182	-0.965533	9.796469
3987	4363.526578	58.793329	-5.439639	-0.967415	9.308896
3989	4365.583984	58.608133	-5.357166	-0.971498	9.400373
3991	4367.639228	58.656552	-5.296916	-0.973245	9.538099
3993	4369.692334	58.758669	-5.214454	-0.973349	9.300645
3997	4373.792832	58.789819	-5.056199	-0.968756	9.381118
3999	4375.842616	58.628566	-4.966844	-0.967335	9.628177
4001	4377.892886	58.599562	-4.952104	-0.966883	9.362152
4005	4381.998279	58.170565	-4.848141	-0.969922	9.431132
4007	4384.053289	58.159348	-4.774386	-0.971731	9.707493
4009	4386.109679	57.701935	-4.703265	-0.972253	9.376334
4013	4390.224234	57.358390	-4.614977	-0.971782	9.330229
4015	4392.279783	57.558934	-4.572735	-0.971970	9.319115
4019	4396.385668	57.684390	-4.503619	-0.977106	9.243142
4021	4398.436262	57.599195	-4.423769	-0.979621	9.297282
4023	4400.486829	57.392146	-4.371765	-0.983718	9.396229
4027	4404.588910	57.168017	-4.219982	-0.986277	9.023747
4029	4406.639833	56.964089	-4.149901	-0.987671	8.862536
4031	4408.693013	56.985326	-4.105036	-0.988106	8.907804
4035	4412.801210	56.627840	-3.999894	-0.990632	9.229105
4037	4414.856144	56.714166	-3.928673	-0.990638	9.043813
4041	4418.968130	56.154861	-3.831715	-0.994624	8.963458
4043	4421.025216	56.175422	-3.784079	-0.996724	8.741287
4047	4425.134795	56.155928	-3.618888	-1.000459	8.878836
4049	4427.187202	56.277187	-3.549074	-0.999838	9.366428
4051	4429.237180	56.210938	-3.472636	-0.997440	9.042239
4055	4433.336955	56.076544	-3.376244	-0.993115	8.816662
4057	4435.388000	56.000916	-3.335802	-0.994635	8.977610
4061	4439.494601	55.686218	-3.218230	-0.995664	8.556104
4063	4441.550602	55.467312	-3.174267	-0.996434	8.455169
4065	4443.606392	55.296907	-3.128295	-0.996369	8.571697
4069	4447.720333	55.087277	-3.031388	-0.995342	8.527912
4071	4449.774770	55.265686	-2.990481	-0.996183	8.511660
4075	4453.879623	55.171784	-2.898387	-1.000979	8.451511
