num crossings	time (s)	maj axis (mm)	min axis (mm)	theta (rad )	slope (V/s)
2749	3066.163134	72.757162	11.271393	3.895325	15.004803
2753	3070.258181	71.671397	11.286701	3.883237	14.152734
2755	3072.314141	71.205132	11.271866	3.889530	13.936803
2759	3076.431010	71.364844	11.100022	3.901533	14.167818
2761	3078.486882	71.382524	10.992255	3.901688	13.332323
2763	3080.540616	71.473633	10.931890	3.901197	13.698838
2767	3084.642193	71.374293	10.842012	3.904229	13.479621
2769	3086.691254	71.696797	10.829776	3.906962	13.588717
2771	3088.739313	71.176546	10.749510	3.918147	13.528632
2773	3090.790344	70.944202	10.582787	3.921875	13.699792
2775	3092.847072	70.639982	10.361234	3.918457	14.299837
2777	3094.907889	70.587914	10.208977	3.910632	13.958758
2781	3099.021508	71.200866	10.239920	3.902624	14.174422
2783	3101.068676	71.527188	10.328220	3.913530	13.830592
2787	3105.162670	70.555596	10.024781	3.933038	13.981826
2789	3107.216680	70.256583	9.844533	3.930187	14.054449
2791	3109.274210	70.099050	9.736700	3.927195	14.135394
2793	3111.330899	70.038259	9.667348	3.925181	13.876650
2795	3113.387416	70.118219	9.640168	3.925841	14.262829
2797	3115.442664	70.100038	9.578446	3.928156	13.966062
2799	3117.495793	70.089265	9.496691	3.930016	14.772325
2801	3119.548171	70.270097	9.449921	3.931826	13.775995
2803	3121.598888	70.098533	9.377568	3.933358	14.071151
2805	3123.648570	70.124098	9.360421	3.934701	13.726846
2809	3127.747556	69.414192	9.259512	3.926349	14.021412
2811	3129.801970	69.322601	9.317875	3.928024	14.192187
2815	3133.923035	69.041062	9.225761	3.944435	12.722062
2817	3135.979369	69.470233	9.152456	3.949414	13.858955
2819	3138.031019	69.823941	8.955247	3.949052	13.523069
2823	3142.127090	69.402629	8.706930	3.941928	14.243821
2825	3144.175146	69.075202	8.717557	3.939885	13.644567
2827	3146.225557	68.912032	8.689654	3.939424	13.526186
2829	3148.278373	68.580337	8.706552	3.941035	13.517475
2833	3152.387470	68.604371	8.630826	3.946006	14.018230
2835	3154.441305	68.276517	8.624343	3.947928	12.872863
2839	3158.546835	68.525821	8.496925	3.952256	13.178574
2841	3160.598682	68.280908	8.480409	3.957081	13.232907
2843	3162.650214	68.264527	8.433998	3.959493	13.113663
2847	3166.757337	68.401792	8.225905	3.961264	13.412814
2849	3168.814194	67.837639	8.097130	3.961771	13.529366
2851	3170.872640	67.715706	8.013348	3.959232	13.303560
2853	3172.930455	67.897083	7.986183	3.956084	13.139744
2855	3174.987128	67.809555	7.932192	3.953038	13.203660
2859	3179.091322	68.151996	7.973201	3.954248	13.673917
2861	3181.137849	68.285683	7.976220	3.962208	12.946371
2863	3183.185433	67.661972	7.977513	3.969485	12.737514
2867	3187.286376	67.152842	7.706689	3.974249	12.947344
2869	3189.341396	67.557379	7.713402	3.972596	13.309584
2871	3191.395532	67.158563	7.584449	3.971855	13.225274
2873	3193.448880	67.060696	7.544820	3.970871	12.931384
2877	3197.553503	66.930162	7.467268	3.969507	12.568565
2879	3199.605104	66.637128	7.430383	3.968004	13.045027
2881	3201.658395	66.561202	7.452612	3.967623	12.632626
2883	3203.713879	66.367401	7.475989	3.969256	12.250083
2887	3207.832209	66.427073	7.379785	3.979884	12.119666
2889	3209.889871	66.383555	7.290520	3.983666	12.999814
2891	3211.943556	66.514176	7.257749	3.985359	12.416404
2893	3213.994953	66.829414	7.150001	3.984029	12.670701
2897	3218.094449	66.599012	6.963845	3.982782	12.732606
2899	3220.144108	66.518192	6.979751	3.982328	12.845859
2901	3222.193924	66.222861	6.941086	3.981411	12.779886
2905	3226.296553	65.921337	6.888525	3.982861	13.008618
2907	3228.348655	65.658922	6.836311	3.983195	12.657592
2909	3230.401112	65.712620	6.832311	3.984543	12.553671
2911	3232.453515	65.607699	6.794749	3.986306	12.646548
2915	3236.559859	65.474616	6.719398	3.989301	12.144289
2917	3238.612410	65.516760	6.717739	3.990462	12.618103
2919	3240.666209	65.103445	6.630987	3.992453	12.480389
2921	3242.719764	65.369649	6.624237	3.994024	12.054369
2923	3244.774286	65.057788	6.570069	3.995355	12.570031
2927	3248.884307	64.921165	6.439996	3.995368	13.067608
2929	3250.940133	64.935855	6.421299	3.994884	12.398936
2931	3252.995570	64.848316	6.336728	3.994786	12.366972
2935	3257.108198	64.841383	6.270532	3.992620	12.547202
2937	3259.162611	64.818206	6.278179	3.991770	12.173225
2939	3261.215904	64.859251	6.283110	3.991099	12.458425
2941	3263.265926	64.745647	6.297882	3.993184	12.208000
2943	3265.314324	64.918218	6.291509	3.997317	11.784719
2947	3269.410541	64.699336	6.215505	4.007286	11.773293
2949	3271.460826	64.261445	6.167368	4.008039	11.732194
2953	3275.565987	63.795887	5.999177	4.007402	11.899165
2955	3277.619129	64.185851	6.025121	4.004994	11.865974
2957	3279.672002	63.906071	5.973345	4.004566	11.963294
2959	3281.725127	63.664622	5.959326	4.003172	12.187049
2963	3285.832978	63.526539	5.964667	4.002531	11.638504
2965	3287.889628	63.511337	5.932962	4.004199	11.819981
2967	3289.947820	63.244173	5.880696	4.008667	11.690598
2969	3292.005998	63.454908	5.917084	4.012250	11.759895
2973	3296.116608	63.489341	5.801053	4.017900	11.700143
2975	3298.168766	63.593385	5.723242	4.015787	11.610431
2979	3302.271937	63.565148	5.600666	4.015537	11.639591
2981	3304.322792	63.445200	5.543506	4.015324	12.037887
2983	3306.375048	63.252091	5.510450	4.016349	11.879145
2987	3310.479384	63.159300	5.433495	4.015827	11.893684
2989	3312.531836	62.977632	5.426171	4.017536	11.832577
2993	3316.638344	62.735899	5.339685	4.018087	11.263684
2995	3318.692499	62.655234	5.287705	4.018850	11.674318
2997	3320.746574	62.493971	5.283216	4.019360	11.178265
2999	3322.801581	62.436242	5.233040	4.017791	11.360111
3001	3324.855880	62.513273	5.228466	4.016354	11.816311
3003	3326.910520	62.277325	5.217483	4.015445	12.185059
3007	3331.015807	62.470386	5.183085	4.015717	11.012772
3009	3333.065299	62.535520	5.183947	4.017362	11.124346
3011	3335.113168	62.466932	5.195606	4.020208	11.028675
3013	3337.161451	61.990078	5.177689	4.025382	10.966565
3017	3341.260741	62.027632	5.034472	4.028526	11.561240
3019	3343.312166	61.531521	5.034421	4.028814	10.939536
3023	3347.417684	61.673705	4.968478	4.025101	11.098577
3025	3349.470639	61.656177	4.932969	4.024370	11.664666
3027	3351.523894	61.346447	4.927031	4.023181	10.977808
3029	3353.578073	61.126220	4.892853	4.022901	10.982809
3031	3355.633778	61.465723	4.959747	4.024793	11.506734
3035	3359.748362	61.090290	4.900880	4.029864	10.700755
3037	3361.806427	61.062312	4.862079	4.032863	10.658828
3039	3363.861862	60.825979	4.807193	4.036056	11.248718
3043	3367.968442	61.162742	4.740593	4.035659	10.839368
3045	3370.021209	61.032009	4.685110	4.035045	11.489854
3047	3372.072774	61.145037	4.668034	4.034708	11.048421
3051	3376.176902	60.832814	4.578631	4.033389	10.967520
3053	3378.230018	60.438708	4.569041	4.034983	11.506067
3055	3380.283273	60.747432	4.548981	4.034006	10.812720
3059	3384.390747	60.495958	4.482798	4.033868	10.691897
3061	3386.444451	60.488753	4.470156	4.032196	10.888384
3065	3390.550433	60.244721	4.464047	4.031820	10.706224
3067	3392.600496	60.320103	4.459858	4.032357	10.653405
3069	3394.650535	60.261891	4.459328	4.033733	10.356502
3073	3398.747258	60.162676	4.420501	4.039866	10.657526
3075	3400.796304	60.000066	4.434865	4.042648	10.852567
3077	3402.846399	59.698650	4.410164	4.042619	10.396543
3081	3406.950913	59.509890	4.278479	4.041662	10.548003
3083	3409.003705	59.994152	4.295217	4.039556	10.988463
3085	3411.056824	59.416166	4.272815	4.038887	10.284127
3087	3413.109330	59.108211	4.273134	4.039075	10.066291
3091	3417.219858	59.026079	4.252001	4.039656	9.880111
3093	3419.277554	58.981106	4.254096	4.041146	10.170638
3097	3423.391574	59.000818	4.145716	4.045879	10.247627
3099	3425.447135	59.116348	4.173960	4.048074	10.224676
