crossing time (s)	slope (V/s)	crossing number
281474976710655.000000	-14.547957	2751	0.000000
281474976710655.000000	-13.842605	2752	0.000000
281474976710655.000000	-15.372424	2753	0.000000
281474976710655.000000	-13.649067	2754	0.000000
281474976710655.000000	-14.662039	2755	0.000000
281474976710655.000000	-13.561565	2756	0.000000
281474976710655.000000	-14.641126	2757	0.000000
281474976710655.000000	-13.811673	2758	0.000000
281474976710655.000000	-14.597714	2759	0.000000
281474976710655.000000	-13.458278	2760	0.000000
281474976710655.000000	-14.895490	2761	0.000000
281474976710655.000000	-13.641912	2762	0.000000
281474976710655.000000	-14.942001	2763	0.000000
281474976710655.000000	-13.649944	2764	0.000000
281474976710655.000000	-14.698996	2765	0.000000
281474976710655.000000	-13.256964	2766	0.000000
281474976710655.000000	-14.322201	2767	0.000000
281474976710655.000000	-13.971044	2768	0.000000
281474976710655.000000	-14.796834	2769	0.000000
281474976710655.000000	-13.657775	2770	0.000000
281474976710655.000000	-14.644618	2771	0.000000
281474976710655.000000	-13.602320	2772	0.000000
281474976710655.000000	-14.568640	2773	0.000000
281474976710655.000000	-13.925770	2774	0.000000
281474976710655.000000	-14.419194	2775	0.000000
281474976710655.000000	-14.119788	2776	0.000000
281474976710655.000000	-14.445523	2777	0.000000
281474976710655.000000	-13.885550	2778	0.000000
281474976710655.000000	-14.256017	2779	0.000000
281474976710655.000000	-14.125125	2780	0.000000
281474976710655.000000	-14.471688	2781	0.000000
281474976710655.000000	-13.721574	2782	0.000000
281474976710655.000000	-15.362469	2783	0.000000
281474976710655.000000	-13.355353	2784	0.000000
281474976710655.000000	-14.784188	2785	0.000000
281474976710655.000000	-13.907378	2786	0.000000
281474976710655.000000	-14.276638	2787	0.000000
281474976710655.000000	-14.052086	2788	0.000000
281474976710655.000000	-14.220961	2789	0.000000
281474976710655.000000	-14.366358	2790	0.000000
281474976710655.000000	-13.968945	2791	0.000000
281474976710655.000000	-13.589964	2792	0.000000
281474976710655.000000	-13.709843	2793	0.000000
281474976710655.000000	-14.183846	2794	0.000000
281474976710655.000000	-14.091210	2795	0.000000
281474976710655.000000	-13.805618	2796	0.000000
281474976710655.000000	-14.255466	2797	0.000000
281474976710655.000000	-14.772646	2798	0.000000
281474976710655.000000	-13.830980	2799	0.000000
281474976710655.000000	-13.788472	2800	0.000000
281474976710655.000000	-13.747806	2801	0.000000
281474976710655.000000	-14.081390	2802	0.000000
281474976710655.000000	-13.502711	2803	0.000000
281474976710655.000000	-13.852901	2804	0.000000
281474976710655.000000	-13.982863	2805	0.000000
281474976710655.000000	-13.772130	2806	0.000000
281474976710655.000000	-14.271895	2807	0.000000
281474976710655.000000	-13.858271	2808	0.000000
281474976710655.000000	-14.232988	2809	0.000000
281474976710655.000000	-13.730368	2810	0.000000
281474976710655.000000	-14.254403	2811	0.000000
281474976710655.000000	-13.199623	2812	0.000000
281474976710655.000000	-14.395272	2813	0.000000
281474976710655.000000	-12.967728	2814	0.000000
281474976710655.000000	-14.342419	2815	0.000000
281474976710655.000000	-13.680638	2816	0.000000
281474976710655.000000	-14.051809	2817	0.000000
281474976710655.000000	-13.682585	2818	0.000000
281474976710655.000000	-13.802011	2819	0.000000
281474976710655.000000	-14.309993	2820	0.000000
281474976710655.000000	-13.443755	2821	0.000000
281474976710655.000000	-14.009439	2822	0.000000
281474976710655.000000	-14.328127	2823	0.000000
281474976710655.000000	-13.398034	2824	0.000000
281474976710655.000000	-13.676522	2825	0.000000
281474976710655.000000	-13.364955	2826	0.000000
281474976710655.000000	-13.911842	2827	0.000000
281474976710655.000000	-13.567167	2828	0.000000
281474976710655.000000	-13.673446	2829	0.000000
281474976710655.000000	-13.275936	2830	0.000000
281474976710655.000000	-13.711601	2831	0.000000
281474976710655.000000	-13.598861	2832	0.000000
281474976710655.000000	-13.853656	2833	0.000000
281474976710655.000000	-12.701967	2834	0.000000
281474976710655.000000	-13.870889	2835	0.000000
281474976710655.000000	-13.175598	2836	0.000000
281474976710655.000000	-13.612601	2837	0.000000
281474976710655.000000	-13.469061	2838	0.000000
281474976710655.000000	-13.456243	2839	0.000000
281474976710655.000000	-12.937684	2840	0.000000
281474976710655.000000	-13.284712	2841	0.000000
281474976710655.000000	-13.336787	2842	0.000000
281474976710655.000000	-13.822864	2843	0.000000
281474976710655.000000	-13.035139	2844	0.000000
281474976710655.000000	-13.988820	2845	0.000000
281474976710655.000000	-13.163469	2846	0.000000
281474976710655.000000	-13.178123	2847	0.000000
281474976710655.000000	-13.373100	2848	0.000000
281474976710655.000000	-13.304092	2849	0.000000
281474976710655.000000	-13.263612	2850	0.000000
281474976710655.000000	-13.322491	2851	0.000000
281474976710655.000000	-12.946425	2852	0.000000
281474976710655.000000	-13.271135	2853	0.000000
281474976710655.000000	-13.498571	2854	0.000000
281474976710655.000000	-13.350336	2855	0.000000
281474976710655.000000	-12.839417	2856	0.000000
281474976710655.000000	-13.531310	2857	0.000000
281474976710655.000000	-13.405112	2858	0.000000
281474976710655.000000	-13.397082	2859	0.000000
281474976710655.000000	-13.221867	2860	0.000000
281474976710655.000000	-13.459990	2861	0.000000
281474976710655.000000	-13.070536	2862	0.000000
281474976710655.000000	-13.285055	2863	0.000000
281474976710655.000000	-13.231032	2864	0.000000
281474976710655.000000	-13.272196	2865	0.000000
281474976710655.000000	-12.965265	2866	0.000000
281474976710655.000000	-13.117161	2867	0.000000
281474976710655.000000	-12.918994	2868	0.000000
281474976710655.000000	-13.335624	2869	0.000000
281474976710655.000000	-13.173629	2870	0.000000
281474976710655.000000	-13.170833	2871	0.000000
281474976710655.000000	-12.753012	2872	0.000000
281474976710655.000000	-12.926771	2873	0.000000
281474976710655.000000	-12.870416	2874	0.000000
281474976710655.000000	-13.055678	2875	0.000000
281474976710655.000000	-12.869554	2876	0.000000
281474976710655.000000	-13.174819	2877	0.000000
281474976710655.000000	-12.748245	2878	0.000000
281474976710655.000000	-13.030376	2879	0.000000
281474976710655.000000	-12.477838	2880	0.000000
281474976710655.000000	-13.037840	2881	0.000000
281474976710655.000000	-12.247215	2882	0.000000
281474976710655.000000	-13.145742	2883	0.000000
281474976710655.000000	-12.692117	2884	0.000000
281474976710655.000000	-13.357749	2885	0.000000
281474976710655.000000	-12.407790	2886	0.000000
281474976710655.000000	-12.930530	2887	0.000000
281474976710655.000000	-12.889545	2888	0.000000
281474976710655.000000	-12.940519	2889	0.000000
281474976710655.000000	-12.684958	2890	0.000000
281474976710655.000000	-12.885371	2891	0.000000
281474976710655.000000	-12.803722	2892	0.000000
281474976710655.000000	-12.616631	2893	0.000000
281474976710655.000000	-13.052724	2894	0.000000
281474976710655.000000	-12.878486	2895	0.000000
281474976710655.000000	-12.826406	2896	0.000000
281474976710655.000000	-12.495394	2897	0.000000
281474976710655.000000	-12.901315	2898	0.000000
281474976710655.000000	-12.940135	2899	0.000000
281474976710655.000000	-12.952339	2900	0.000000
281474976710655.000000	-12.356239	2901	0.000000
281474976710655.000000	-12.553722	2902	0.000000
281474976710655.000000	-12.738412	2903	0.000000
281474976710655.000000	-12.630979	2904	0.000000
281474976710655.000000	-12.698086	2905	0.000000
281474976710655.000000	-12.432605	2906	0.000000
281474976710655.000000	-12.676619	2907	0.000000
281474976710655.000000	-12.195039	2908	0.000000
281474976710655.000000	-12.594592	2909	0.000000
281474976710655.000000	-12.682434	2910	0.000000
281474976710655.000000	-12.677186	2911	0.000000
281474976710655.000000	-12.274635	2912	0.000000
281474976710655.000000	-12.458621	2913	0.000000
281474976710655.000000	-12.353300	2914	0.000000
281474976710655.000000	-12.499134	2915	0.000000
281474976710655.000000	-12.555881	2916	0.000000
281474976710655.000000	-12.523824	2917	0.000000
281474976710655.000000	-12.137323	2918	0.000000
281474976710655.000000	-12.890030	2919	0.000000
281474976710655.000000	-12.288966	2920	0.000000
281474976710655.000000	-12.365188	2921	0.000000
281474976710655.000000	-12.308160	2922	0.000000
281474976710655.000000	-12.119864	2923	0.000000
281474976710655.000000	-12.511307	2924	0.000000
281474976710655.000000	-12.249027	2925	0.000000
281474976710655.000000	-12.611074	2926	0.000000
281474976710655.000000	-12.247878	2927	0.000000
281474976710655.000000	-12.362164	2928	0.000000
281474976710655.000000	-12.509419	2929	0.000000
281474976710655.000000	-12.380703	2930	0.000000
281474976710655.000000	-12.497871	2931	0.000000
281474976710655.000000	-12.430080	2932	0.000000
281474976710655.000000	-11.994530	2933	0.000000
281474976710655.000000	-12.024608	2934	0.000000
281474976710655.000000	-12.534472	2935	0.000000
281474976710655.000000	-11.946104	2936	0.000000
281474976710655.000000	-12.027763	2937	0.000000
281474976710655.000000	-12.113874	2938	0.000000
281474976710655.000000	-12.409853	2939	0.000000
281474976710655.000000	-12.086881	2940	0.000000
281474976710655.000000	-12.194228	2941	0.000000
281474976710655.000000	-11.776650	2942	0.000000
281474976710655.000000	-12.181124	2943	0.000000
281474976710655.000000	-11.778114	2944	0.000000
281474976710655.000000	-12.003639	2945	0.000000
281474976710655.000000	-11.912387	2946	0.000000
281474976710655.000000	-12.463297	2947	0.000000
281474976710655.000000	-11.706106	2948	0.000000
281474976710655.000000	-11.998066	2949	0.000000
281474976710655.000000	-12.220469	2950	0.000000
281474976710655.000000	-12.412795	2951	0.000000
281474976710655.000000	-12.137909	2952	0.000000
281474976710655.000000	-11.940528	2953	0.000000
281474976710655.000000	-11.808924	2954	0.000000
281474976710655.000000	-12.018979	2955	0.000000
281474976710655.000000	-11.935598	2956	0.000000
281474976710655.000000	-11.883101	2957	0.000000
281474976710655.000000	-11.995582	2958	0.000000
281474976710655.000000	-12.214231	2959	0.000000
281474976710655.000000	-11.972418	2960	0.000000
281474976710655.000000	-11.835924	2961	0.000000
281474976710655.000000	-11.507676	2962	0.000000
281474976710655.000000	-12.074322	2963	0.000000
281474976710655.000000	-11.327149	2964	0.000000
281474976710655.000000	-12.185060	2965	0.000000
281474976710655.000000	-11.626761	2966	0.000000
281474976710655.000000	-12.275514	2967	0.000000
281474976710655.000000	-11.635960	2968	0.000000
281474976710655.000000	-11.795380	2969	0.000000
281474976710655.000000	-11.682679	2970	0.000000
281474976710655.000000	-11.857581	2971	0.000000
281474976710655.000000	-11.700427	2972	0.000000
281474976710655.000000	-11.729734	2973	0.000000
281474976710655.000000	-11.534050	2974	0.000000
281474976710655.000000	-11.737058	2975	0.000000
281474976710655.000000	-11.821194	2976	0.000000
281474976710655.000000	-11.786469	2977	0.000000
281474976710655.000000	-11.528910	2978	0.000000
281474976710655.000000	-11.638230	2979	0.000000
281474976710655.000000	-11.788354	2980	0.000000
281474976710655.000000	-11.835079	2981	0.000000
281474976710655.000000	-11.732317	2982	0.000000
281474976710655.000000	-11.311677	2983	0.000000
281474976710655.000000	-11.536229	2984	0.000000
281474976710655.000000	-11.603326	2985	0.000000
281474976710655.000000	-11.596103	2986	0.000000
281474976710655.000000	-11.732700	2987	0.000000
281474976710655.000000	-11.726818	2988	0.000000
281474976710655.000000	-11.444571	2989	0.000000
281474976710655.000000	-11.355240	2990	0.000000
281474976710655.000000	-11.506382	2991	0.000000
281474976710655.000000	-11.585307	2992	0.000000
281474976710655.000000	-11.666520	2993	0.000000
281474976710655.000000	-11.314642	2994	0.000000
281474976710655.000000	-11.648028	2995	0.000000
281474976710655.000000	-11.377764	2996	0.000000
281474976710655.000000	-11.454760	2997	0.000000
281474976710655.000000	-11.405547	2998	0.000000
281474976710655.000000	-11.522463	2999	0.000000
281474976710655.000000	-11.594029	3000	0.000000
281474976710655.000000	-11.263607	3001	0.000000
281474976710655.000000	-11.480020	3002	0.000000
281474976710655.000000	-11.459235	3003	0.000000
281474976710655.000000	-11.490309	3004	0.000000
281474976710655.000000	-11.380600	3005	0.000000
281474976710655.000000	-11.177487	3006	0.000000
281474976710655.000000	-11.357696	3007	0.000000
281474976710655.000000	-11.182980	3008	0.000000
281474976710655.000000	-11.252098	3009	0.000000
281474976710655.000000	-10.923401	3010	0.000000
281474976710655.000000	-11.446061	3011	0.000000
281474976710655.000000	-11.104962	3012	0.000000
281474976710655.000000	-11.411778	3013	0.000000
281474976710655.000000	-11.294350	3014	0.000000
281474976710655.000000	-11.279659	3015	0.000000
281474976710655.000000	-11.314205	3016	0.000000
281474976710655.000000	-11.429192	3017	0.000000
281474976710655.000000	-11.254220	3018	0.000000
281474976710655.000000	-11.310249	3019	0.000000
281474976710655.000000	-11.195855	3020	0.000000
281474976710655.000000	-11.341484	3021	0.000000
281474976710655.000000	-10.910530	3022	0.000000
281474976710655.000000	-11.418456	3023	0.000000
281474976710655.000000	-11.036985	3024	0.000000
281474976710655.000000	-11.380664	3025	0.000000
281474976710655.000000	-10.939618	3026	0.000000
281474976710655.000000	-11.327839	3027	0.000000
281474976710655.000000	-10.841229	3028	0.000000
281474976710655.000000	-11.215117	3029	0.000000
281474976710655.000000	-10.920607	3030	0.000000
281474976710655.000000	-11.363986	3031	0.000000
281474976710655.000000	-10.960008	3032	0.000000
281474976710655.000000	-11.280719	3033	0.000000
281474976710655.000000	-10.671766	3034	0.000000
281474976710655.000000	-11.346564	3035	0.000000
281474976710655.000000	-10.660661	3036	0.000000
281474976710655.000000	-11.281492	3037	0.000000
281474976710655.000000	-10.979900	3038	0.000000
281474976710655.000000	-11.172467	3039	0.000000
281474976710655.000000	-10.777681	3040	0.000000
281474976710655.000000	-11.114985	3041	0.000000
281474976710655.000000	-10.787901	3042	0.000000
281474976710655.000000	-11.057223	3043	0.000000
281474976710655.000000	-10.947372	3044	0.000000
281474976710655.000000	-11.081745	3045	0.000000
281474976710655.000000	-11.016800	3046	0.000000
281474976710655.000000	-11.037941	3047	0.000000
281474976710655.000000	-10.986962	3048	0.000000
281474976710655.000000	-10.840075	3049	0.000000
281474976710655.000000	-10.671432	3050	0.000000
281474976710655.000000	-11.006238	3051	0.000000
281474976710655.000000	-10.848883	3052	0.000000
281474976710655.000000	-10.933810	3053	0.000000
281474976710655.000000	-10.643849	3054	0.000000
281474976710655.000000	-10.799314	3055	0.000000
281474976710655.000000	-10.609300	3056	0.000000
281474976710655.000000	-10.876191	3057	0.000000
281474976710655.000000	-10.629204	3058	0.000000
281474976710655.000000	-10.858328	3059	0.000000
281474976710655.000000	-10.850829	3060	0.000000
281474976710655.000000	-10.658824	3061	0.000000
281474976710655.000000	-10.500196	3062	0.000000
281474976710655.000000	-10.691245	3063	0.000000
281474976710655.000000	-10.499799	3064	0.000000
281474976710655.000000	-10.775435	3065	0.000000
281474976710655.000000	-10.568111	3066	0.000000
281474976710655.000000	-10.739173	3067	0.000000
281474976710655.000000	-10.666576	3068	0.000000
281474976710655.000000	-10.545070	3069	0.000000
281474976710655.000000	-10.496342	3070	0.000000
281474976710655.000000	-10.820893	3071	0.000000
281474976710655.000000	-10.588270	3072	0.000000
281474976710655.000000	-10.580501	3073	0.000000
281474976710655.000000	-10.602033	3074	0.000000
281474976710655.000000	-10.644413	3075	0.000000
281474976710655.000000	-10.591906	3076	0.000000
281474976710655.000000	-10.651864	3077	0.000000
281474976710655.000000	-10.505057	3078	0.000000
281474976710655.000000	-10.536435	3079	0.000000
281474976710655.000000	-10.537724	3080	0.000000
281474976710655.000000	-10.563573	3081	0.000000
281474976710655.000000	-10.402226	3082	0.000000
281474976710655.000000	-10.556052	3083	0.000000
281474976710655.000000	-10.275313	3084	0.000000
281474976710655.000000	-10.525133	3085	0.000000
281474976710655.000000	-10.306472	3086	0.000000
281474976710655.000000	-10.479259	3087	0.000000
281474976710655.000000	-10.325123	3088	0.000000
281474976710655.000000	-10.315229	3089	0.000000
281474976710655.000000	-10.275292	3090	0.000000
281474976710655.000000	-10.500266	3091	0.000000
281474976710655.000000	-10.050280	3092	0.000000
281474976710655.000000	-10.407877	3093	0.000000
281474976710655.000000	-10.181633	3094	0.000000
281474976710655.000000	-10.434593	3095	0.000000
281474976710655.000000	-10.383953	3096	0.000000
281474976710655.000000	-10.411236	3097	0.000000
281474976710655.000000	-10.127429	3098	0.000000
281474976710655.000000	-10.384468	3099	0.000000
281474976710655.000000	-10.033464	3100	0.000000
281474976710655.000000	-10.277703	3101	0.000000
281474976710655.000000	-10.105858	3102	0.000000
