crossing time (s)	slope (V/s)	crossing number
281474976710655.000000	36.956978	506	0.000000
281474976710655.000000	50.117409	507	0.000000
281474976710655.000000	48.098339	508	0.000000
281474976710655.000000	50.146393	509	0.000000
281474976710655.000000	49.375530	510	0.000000
281474976710655.000000	48.484806	511	0.000000
281474976710655.000000	48.431133	512	0.000000
281474976710655.000000	32.658947	513	0.000000
281474976710655.000000	48.312458	514	0.000000
281474976710655.000000	49.686317	515	0.000000
281474976710655.000000	44.755394	516	0.000000
281474976710655.000000	41.135513	517	0.000000
281474976710655.000000	35.589130	518	0.000000
281474976710655.000000	38.321804	519	0.000000
281474976710655.000000	46.188385	520	0.000000
281474976710655.000000	38.488102	521	0.000000
281474976710655.000000	47.260288	522	0.000000
281474976710655.000000	49.370609	523	0.000000
281474976710655.000000	35.858562	524	0.000000
281474976710655.000000	48.545456	525	0.000000
281474976710655.000000	51.090977	526	0.000000
281474976710655.000000	65.133392	527	0.000000
281474976710655.000000	37.316147	528	0.000000
281474976710655.000000	36.914078	529	0.000000
281474976710655.000000	44.893070	530	0.000000
281474976710655.000000	64.166954	531	0.000000
281474976710655.000000	44.043751	532	0.000000
281474976710655.000000	47.927631	533	0.000000
281474976710655.000000	45.840233	534	0.000000
281474976710655.000000	64.517952	535	0.000000
281474976710655.000000	55.313515	536	0.000000
281474976710655.000000	57.320538	537	0.000000
281474976710655.000000	35.645290	538	0.000000
281474976710655.000000	35.745731	539	0.000000
281474976710655.000000	56.433155	540	0.000000
281474976710655.000000	45.438068	541	0.000000
281474976710655.000000	38.539635	542	0.000000
281474976710655.000000	47.013557	543	0.000000
281474976710655.000000	37.843678	544	0.000000
281474976710655.000000	44.219440	545	0.000000
281474976710655.000000	47.839863	546	0.000000
281474976710655.000000	50.611847	547	0.000000
281474976710655.000000	43.023731	548	0.000000
281474976710655.000000	49.564529	549	0.000000
281474976710655.000000	45.756355	550	0.000000
281474976710655.000000	42.874699	551	0.000000
281474976710655.000000	43.969193	552	0.000000
281474976710655.000000	44.518444	553	0.000000
281474976710655.000000	42.055157	554	0.000000
281474976710655.000000	45.434811	555	0.000000
281474976710655.000000	41.544296	556	0.000000
281474976710655.000000	44.856724	557	0.000000
281474976710655.000000	33.906002	558	0.000000
281474976710655.000000	45.032425	559	0.000000
281474976710655.000000	39.214741	560	0.000000
281474976710655.000000	44.999340	561	0.000000
281474976710655.000000	41.420513	562	0.000000
281474976710655.000000	44.142292	563	0.000000
281474976710655.000000	49.072201	564	0.000000
281474976710655.000000	43.605057	565	0.000000
281474976710655.000000	51.517361	566	0.000000
281474976710655.000000	44.177071	567	0.000000
281474976710655.000000	35.681171	568	0.000000
281474976710655.000000	58.935162	569	0.000000
281474976710655.000000	49.667522	570	0.000000
281474976710655.000000	43.629784	571	0.000000
281474976710655.000000	39.574440	572	0.000000
281474976710655.000000	48.696171	573	0.000000
281474976710655.000000	37.500275	574	0.000000
281474976710655.000000	37.286850	575	0.000000
281474976710655.000000	34.502857	576	0.000000
281474976710655.000000	47.299301	577	0.000000
281474976710655.000000	33.198017	578	0.000000
281474976710655.000000	41.015465	579	0.000000
281474976710655.000000	34.431828	580	0.000000
281474976710655.000000	39.272255	581	0.000000
281474976710655.000000	38.283199	582	0.000000
281474976710655.000000	37.874962	583	0.000000
281474976710655.000000	49.198799	584	0.000000
281474976710655.000000	41.058380	585	0.000000
281474976710655.000000	34.687206	586	0.000000
281474976710655.000000	41.558037	587	0.000000
281474976710655.000000	36.369034	588	0.000000
281474976710655.000000	51.274426	589	0.000000
281474976710655.000000	37.275440	590	0.000000
281474976710655.000000	48.847267	591	0.000000
281474976710655.000000	38.538960	592	0.000000
281474976710655.000000	37.999928	593	0.000000
281474976710655.000000	39.992107	594	0.000000
281474976710655.000000	37.700092	595	0.000000
281474976710655.000000	36.774700	596	0.000000
281474976710655.000000	37.096024	597	0.000000
281474976710655.000000	37.488731	598	0.000000
281474976710655.000000	35.432819	599	0.000000
281474976710655.000000	32.933010	600	0.000000
281474976710655.000000	38.745819	601	0.000000
281474976710655.000000	40.701134	602	0.000000
281474976710655.000000	34.519745	603	0.000000
281474976710655.000000	31.846476	604	0.000000
281474976710655.000000	43.507088	605	0.000000
281474976710655.000000	31.563755	606	0.000000
281474976710655.000000	36.657219	607	0.000000
281474976710655.000000	33.671005	608	0.000000
281474976710655.000000	36.231743	609	0.000000
281474976710655.000000	31.853630	610	0.000000
281474976710655.000000	38.640545	611	0.000000
281474976710655.000000	34.837597	612	0.000000
281474976710655.000000	30.111191	613	0.000000
281474976710655.000000	41.721695	614	0.000000
281474976710655.000000	35.262386	615	0.000000
281474976710655.000000	34.950272	616	0.000000
281474976710655.000000	40.884922	617	0.000000
281474976710655.000000	37.603390	618	0.000000
281474976710655.000000	31.292587	619	0.000000
281474976710655.000000	33.070000	620	0.000000
281474976710655.000000	32.080238	621	0.000000
281474976710655.000000	29.460810	622	0.000000
281474976710655.000000	44.430046	623	0.000000
281474976710655.000000	29.497972	624	0.000000
281474976710655.000000	43.726852	625	0.000000
281474976710655.000000	32.508602	626	0.000000
281474976710655.000000	33.221039	627	0.000000
281474976710655.000000	30.385227	628	0.000000
281474976710655.000000	32.721905	629	0.000000
281474976710655.000000	32.733341	630	0.000000
281474976710655.000000	31.403721	631	0.000000
281474976710655.000000	32.143398	632	0.000000
281474976710655.000000	28.894814	633	0.000000
281474976710655.000000	33.396866	634	0.000000
281474976710655.000000	33.457687	635	0.000000
281474976710655.000000	30.229092	636	0.000000
281474976710655.000000	27.484436	637	0.000000
281474976710655.000000	30.221722	638	0.000000
281474976710655.000000	35.016155	639	0.000000
281474976710655.000000	30.625835	640	0.000000
281474976710655.000000	33.495522	641	0.000000
281474976710655.000000	30.280119	642	0.000000
281474976710655.000000	31.101524	643	0.000000
281474976710655.000000	30.622721	644	0.000000
281474976710655.000000	28.618704	645	0.000000
281474976710655.000000	27.961777	646	0.000000
281474976710655.000000	31.440441	647	0.000000
281474976710655.000000	27.412558	648	0.000000
281474976710655.000000	27.088255	649	0.000000
281474976710655.000000	30.163563	650	0.000000
281474976710655.000000	28.198963	651	0.000000
281474976710655.000000	27.251080	652	0.000000
281474976710655.000000	30.392673	653	0.000000
281474976710655.000000	30.286961	654	0.000000
281474976710655.000000	22.952806	655	0.000000
281474976710655.000000	28.272755	656	0.000000
281474976710655.000000	28.831059	657	0.000000
281474976710655.000000	24.493811	658	0.000000
281474976710655.000000	28.764307	659	0.000000
281474976710655.000000	26.822746	660	0.000000
281474976710655.000000	28.402466	661	0.000000
281474976710655.000000	23.882105	662	0.000000
281474976710655.000000	32.143024	663	0.000000
281474976710655.000000	24.122204	664	0.000000
281474976710655.000000	29.451780	665	0.000000
281474976710655.000000	23.861036	666	0.000000
281474976710655.000000	28.643591	667	0.000000
281474976710655.000000	26.583620	668	0.000000
281474976710655.000000	25.257645	669	0.000000
281474976710655.000000	27.349781	670	0.000000
281474976710655.000000	24.168541	671	0.000000
281474976710655.000000	25.693022	672	0.000000
281474976710655.000000	24.239563	673	0.000000
281474976710655.000000	26.429533	674	0.000000
281474976710655.000000	23.867506	675	0.000000
281474976710655.000000	24.944702	676	0.000000
281474976710655.000000	22.137882	677	0.000000
281474976710655.000000	25.105906	678	0.000000
281474976710655.000000	21.812838	679	0.000000
281474976710655.000000	25.443249	680	0.000000
281474976710655.000000	22.490299	681	0.000000
281474976710655.000000	22.761410	682	0.000000
281474976710655.000000	21.568716	683	0.000000
281474976710655.000000	22.344799	684	0.000000
281474976710655.000000	20.600531	685	0.000000
281474976710655.000000	21.300407	686	0.000000
281474976710655.000000	20.833563	687	0.000000
281474976710655.000000	23.667706	688	0.000000
281474976710655.000000	19.685732	689	0.000000
281474976710655.000000	21.239290	690	0.000000
281474976710655.000000	22.358086	691	0.000000
281474976710655.000000	20.183458	692	0.000000
281474976710655.000000	21.816004	693	0.000000
281474976710655.000000	18.503805	694	0.000000
281474976710655.000000	21.474510	695	0.000000
281474976710655.000000	18.681690	696	0.000000
281474976710655.000000	23.136330	697	0.000000
281474976710655.000000	17.800035	698	0.000000
281474976710655.000000	21.625547	699	0.000000
281474976710655.000000	17.869358	700	0.000000
281474976710655.000000	20.058319	701	0.000000
281474976710655.000000	17.827707	702	0.000000
281474976710655.000000	19.193457	703	0.000000
281474976710655.000000	18.674854	704	0.000000
281474976710655.000000	19.113186	705	0.000000
281474976710655.000000	19.219818	706	0.000000
281474976710655.000000	17.555067	707	0.000000
281474976710655.000000	18.910427	708	0.000000
281474976710655.000000	16.637951	709	0.000000
281474976710655.000000	18.821871	710	0.000000
281474976710655.000000	16.388109	711	0.000000
281474976710655.000000	18.852684	712	0.000000
281474976710655.000000	15.866549	713	0.000000
281474976710655.000000	17.908745	714	0.000000
281474976710655.000000	15.614566	715	0.000000
281474976710655.000000	16.932249	716	0.000000
281474976710655.000000	15.742152	717	0.000000
281474976710655.000000	16.899693	718	0.000000
281474976710655.000000	15.483615	719	0.000000
281474976710655.000000	17.293058	720	0.000000
281474976710655.000000	14.783086	721	0.000000
281474976710655.000000	16.124109	722	0.000000
281474976710655.000000	14.406484	723	0.000000
281474976710655.000000	15.837739	724	0.000000
281474976710655.000000	14.288497	725	0.000000
281474976710655.000000	15.751907	726	0.000000
281474976710655.000000	13.671974	727	0.000000
281474976710655.000000	15.281513	728	0.000000
281474976710655.000000	13.496915	729	0.000000
281474976710655.000000	14.574002	730	0.000000
281474976710655.000000	13.593566	731	0.000000
281474976710655.000000	14.152353	732	0.000000
281474976710655.000000	14.006726	733	0.000000
281474976710655.000000	12.770624	734	0.000000
281474976710655.000000	13.816872	735	0.000000
281474976710655.000000	11.913827	736	0.000000
281474976710655.000000	14.369126	737	0.000000
281474976710655.000000	11.001704	738	0.000000
281474976710655.000000	14.626820	739	0.000000
281474976710655.000000	10.682323	740	0.000000
281474976710655.000000	14.100827	741	0.000000
281474976710655.000000	10.512504	742	0.000000
281474976710655.000000	13.521602	743	0.000000
281474976710655.000000	10.536885	744	0.000000
281474976710655.000000	12.254141	745	0.000000
281474976710655.000000	10.702695	746	0.000000
281474976710655.000000	11.578963	747	0.000000
281474976710655.000000	10.640435	748	0.000000
281474976710655.000000	10.851195	749	0.000000
281474976710655.000000	10.663325	750	0.000000
281474976710655.000000	10.166209	751	0.000000
281474976710655.000000	10.674904	752	0.000000
281474976710655.000000	9.721413	753	0.000000
281474976710655.000000	10.387573	754	0.000000
281474976710655.000000	9.434176	755	0.000000
281474976710655.000000	10.125239	756	0.000000
281474976710655.000000	9.076752	757	0.000000
281474976710655.000000	9.723301	758	0.000000
281474976710655.000000	8.759906	759	0.000000
281474976710655.000000	9.456270	760	0.000000
281474976710655.000000	8.545530	761	0.000000
281474976710655.000000	9.008396	762	0.000000
281474976710655.000000	8.314096	763	0.000000
281474976710655.000000	8.534694	764	0.000000
281474976710655.000000	8.340946	765	0.000000
281474976710655.000000	7.883919	766	0.000000
281474976710655.000000	8.412811	767	0.000000
281474976710655.000000	7.448883	768	0.000000
281474976710655.000000	8.413624	769	0.000000
281474976710655.000000	6.633661	770	0.000000
281474976710655.000000	8.483120	771	0.000000
281474976710655.000000	6.035567	772	0.000000
281474976710655.000000	8.289798	773	0.000000
281474976710655.000000	8.162817	774	0.000000
281474976710655.000000	7.763885	775	0.000000
281474976710655.000000	7.162532	776	0.000000
281474976710655.000000	6.570698	777	0.000000
281474976710655.000000	5.762136	778	0.000000
281474976710655.000000	5.468903	779	0.000000
281474976710655.000000	5.657618	780	0.000000
281474976710655.000000	5.598250	781	0.000000
281474976710655.000000	5.473666	782	0.000000
